1 95.14
2 93.66
3 93.12
4 93.31
5 91.9
6 91.36
7 92.39
8 91.45
9 92.15
10 93.78
11 93.54
12 93.96
13 94.51
14 96.35
15 97.23
16 96.66
17 95.82
18 97.49
19 97.34
20 98.25
21 97.55
22 96.44
23 97.24
24 97.4
25 97.84
26 99.98
27 100.12
28 99.96
29 100.38
30 100.27
31 100.31
32 102.54
33 103.46
34 103.2
35 102.53
36 103.17
37 102.2
38 102.93
39 102.68
40 102.88
41 105.34
42 103.64
43 101.75
44 101.82
45 102.82
46 101.39
47 100.29
48 98.29
49 98.57
50 99.23
51 98.43
52 100.08
53 100.71
54 99.68
55 99.97
56 100.05
57 99.66
58 100.61
59 101.25
60 101.73
61 101.57
62 99.69
63 99.6
64 100.29
65 101.16
66 100.43
67 102.57
68 103.55
69 103.37
70 103.68
71 104.05
72 103.7
73 103.71
74 104.33
75 104.35
76 101.69
77 101.47
78 102.2
79 100.85
80 101.13
81 101.56
82 100.07
83 99.69
84 100.09
85 99.74
86 99.81
87 101.06
88 100.52
89 100.32
90 100.89
91 102.01
92 102.63
93 101.74
94 102.31
95 102.95
96 102.8
97 104.31
98 104.03
99 105.01
100 104.78
101 103.37
102 104.26
103 103.4
104 103.07
105 103.34
106 103.27
107 103.17
108 103.32
109 105.09
110 105.02
111 105.04
112 107.2
113 107.49
114 107.52
115 106.95
116 106.64
117 107.08
118 107.95
119 106.83
120 106.64
121 107.04
122 106.49
123 106.46
124 106.07
125 106.06
126 105.18
127 104.76
128 104.19
129 104.06
130 102.93
131 103.61
132 101.48
133 101.73
134 100.56
135 101.88
136 103.84
137 103.83
138 105.34
139 104.59
140 103.81
141 102.76
142 105.23
143 105.68
144 104.91
145 104.29
146 98.23
147 97.86
148 98.26
149 97.34
150 96.93
151 97.34
152 97.61
153 98.09
154 97.36
155 97.57
156 95.54
157 97.3
158 96.44
159 94.35
160 96.4
161 93.97
162 93.61
163 95.39
164 95.78
165 95.82
166 96.44
167 97.86
168 92.92
169 95.5
170 94.51
171 93.32
172 92.64
173 92.73
174 91.71
175 92.89
176 92.18
177 92.86
178 94.91
179 94.33
180 93.07
181 92.43
182 91.46
183 91.55
184 93.6
185 93.59
186 95.55
187 94.53
188 91.17
189 90.74
190 91.02
191 89.76
192 90.33
193 88.89
194 87.29
195 85.76
196 85.87
197 85.73
198 81.72
199 81.82
200 82.33
201 82.8
202 82.76
203 83.25
204 80.52
205 82.81
206 81.27
207 81.26
208 81.36
209 82.25
210 81.06
211 80.53
212 78.77
213 77.15
214 78.71
215 77.87
216 78.71
217 77.43
218 77.85
219 77.16
220 74.13
221 75.91
222 75.64
223 74.55
224 74.55
225 75.63
226 76.52
227 75.74
228 74.04
229 73.7
230 65.94
231 68.98
232 66.99
233 67.3
234 66.73
235 65.89
236 63.13
237 63.74
238 60.99
239 60.01
240 57.81
241 55.96
242 55.97
243 56.43
244 54.18
245 56.91
246 55.25
247 56.78
248 55.7
249 54.59
250 53.46
251 54.14
252 53.45
253 52.72
254 50.05
255 47.98
256 48.69
257 48.8
258 48.35
259 46.06
260 45.92
261 48.49
262 46.37
263 48.49
264 46.79
265 47.85
266 45.93
267 45.26
268 44.8
269 45.84
270 44.08
271 44.12
272 47.79
273 49.25
274 53.04
275 48.45
276 50.48
277 51.66
278 52.99
279 50.06
280 48.8
281 51.17
282 52.66
283 53.56
284 52.13
285 51.12
286 49.95
287 49.56
288 48.48
289 50.25
290 47.65
291 49.84
292 49.59
293 50.43
294 51.53
295 50.76
296 49.61
297 49.95
298 48.42
299 48.06
300 47.12
301 44.88
302 43.93
303 43.39
304 44.63
305 44.02
306 46
307 47.4
308 47.03
309 48.75
310 51.41
311 48.83
312 48.66
313 47.72
314 50.12
315 49.13
316 52.08
317 53.95
318 50.44
319 50.79
320 51.63
321 51.95
322 53.3
323 56.25
324 56.69
325 55.71
326 56.37
327 55.58
328 56.17
329 56.59
330 55.98
331 55.56
332 57.05
333 58.55
334 59.62
335 59.1
336 58.92
337 60.38
338 60.93
339 58.99
340 59.41
341 59.23
342 60.72
343 60.5
344 59.89
345 59.73
346 59.44
347 57.3
348 58.96
349 60.18
350 58.88
351 57.29
352 57.51
353 57.69
354 60.25
355 60.24
356 61.3
357 59.67
358 58
359 59.11
360 58.15
361 60.15
362 61.36
363 60.74
364 59.96
365 59.53
366 60.01
367 59.89
368 60.41
369 59.62
370 60.01
371 61.05
372 60.01
373 59.59
374 59.41
375 58.34
376 59.48
377 56.94
378 56.93
379 52.48
380 52.33
381 51.61
382 52.76
383 52.74
384 52.19
385 53.05
386 51.4
387 50.9
388 50.88
389 50.11
390 50.59
391 49.27
392 48.11
393 47.98
394 47.17
395 47.97
396 48.77
397 48.53
398 47.11
399 45.25
400 45.75
401 45.13
402 44.69
403 43.87
404 44.94
405 43.11
406 43.22
407 42.27
408 42.45
409 41.93
410 42.58
411 40.75
412 41
413 40.45
414 38.22
415 39.15
416 38.5
417 42.47
418 45.29
419 49.2
420 45.38
421 46.3
422 46.75
423 46.02
424 45.92
425 44.13
426 45.85
427 44.75
428 44.07
429 44.58
430 47.12
431 46.93
432 44.71
433 46.67
434 46.17
435 44.53
436 44.94
437 45.55
438 44.4
439 45.24
440 45.06
441 44.75
442 45.54
443 46.28
444 48.53
445 47.86
446 49.46
447 49.67
448 47.09
449 46.7
450 46.63
451 46.38
452 47.3
453 45.91
454 45.84
455 45.22
456 44.9
457 43.91
458 43.19
459 43.21
460 45.93
461 46.02
462 46.6
463 46.12
464 47.88
465 46.32
466 45.27
467 44.32
468 43.87
469 44.23
470 42.95
471 41.74
472 40.69
473 41.68
474 40.73
475 40.75
476 40.55
477 39.39
478 39.27
479 40.89
480 41.22
481 40.57
482 40.43
483 40.58
484 39.93
485 41.08
486 40
487 37.64
488 37.46
489 37.16
490 36.76
491 35.65
492 36.31
493 37.32
494 35.55
495 34.98
496 34.72
497 34.55
498 36.12
499 36.76
500 37.62
501 36.36
502 37.88
503 36.59
504 37.13
505 36.81
506 35.97
507 33.97
508 33.29
509 33.2
510 31.42
511 30.42
512 30.42
513 31.22
514 29.45
515 28.47
516 26.68
517 29.55
518 32.07
519 30.31
520 29.54
521 32.32
522 33.21
523 33.66
524 31.62
525 29.9
526 32.29
527 31.63
528 30.86
529 29.71
530 27.96
531 27.54
532 26.19
533 29.32
534 29.05
535 30.68
536 30.77
537 29.59
538 31.37
539 31.84
540 30.35
541 31.4
542 31.65
543 32.74
544 34.39
545 34.57
546 34.56
547 35.91
548 37.9
549 36.67
550 37.62
551 37.77
552 38.51
553 37.2
554 36.32
555 38.43
556 40.17
557 39.47
558 39.91
559 41.45
560 38.28
561 38.14
562 37.99
563 36.91
564 36.91
565 36.94
566 35.36
567 34.3
568 34.52
569 37.74
570 37.3
571 39.74
572 40.46
573 42.12
574 41.7
575 41.45
576 40.4
577 39.74
578 40.88
579 42.72
580 43.18
581 42.76
582 41.67
583 42.52
584 45.29
585 46.03
586 45.98
587 44.75
588 43.65
589 43.77
590 44.33
591 44.58
592 43.45
593 44.68
594 46.21
595 46.64
596 46.22
597 47.72
598 48.29
599 48.12
600 48.16
601 47.67
602 48.12
603 48.04
604 49.1
605 49
606 49.36
607 49.1
608 49.07
609 49.14
610 48.69
611 49.71
612 50.37
613 51.23
614 50.52
615 49.09
616 48.89
617 48.49
618 47.92
619 46.14
620 48
621 49.4
622 48.95
623 49.16
624 49.34
625 46.7
626 45.8
627 47.93
628 49.85
629 48.27
630 49.02
631 46.73
632 47.37
633 45.22
634 45.37
635 44.73
636 46.82
637 44.87
638 45.64
639 45.93
640 45.23
